23.0,88.0,66.0,55.0
22.3850345612,86.0332641602,66.5969085693,55.4974250793
22.107000351,85.2636260986,67.1544113159,55.9620132446
21.6475276947,86.8806686401,67.1398696899,55.9498977661
22.7818336487,85.7565841675,67.5355453491,56.2796325684
24.2207546234,85.3288040161,66.083694458,55.0697517395
23.4403190613,85.7528762817,66.873298645,55.7277526855
25.9101924896,87.7499237061,65.8921127319,54.9101066589
23.2724952698,85.6660766602,66.4814605713,55.4012260437
22.6466159821,86.0045547485,67.5804214478,56.317024231
23.3460044861,85.8549118042,67.7757720947,56.4798164368
24.1992893219,84.8331451416,67.3807754517,56.1506538391
23.9492778778,82.9482574463,67.0956268311,55.9130249023
23.6007232666,83.1935653687,66.9846038818,55.8205032349
24.91938591,80.6382980347,67.5328063965,56.2773361206
24.6324825287,81.9746704102,67.0669326782,55.8890991211
26.1853523254,79.8548812866,66.1330413818,55.1108512878
27.1881313324,79.3991241455,65.3675079346,54.4729003906
26.3043327332,79.8351287842,63.3335075378,52.7779045105
26.492975235,80.0748291016,63.8270568848,53.1891975403
28.5667057037,79.7316665649,64.2048721313,53.5040397644
29.1581077576,79.8603973389,64.0115203857,53.342918396
28.4614219666,81.2283172607,64.1650924683,53.4708976746
29.532749176,80.5970840454,64.1598052979,53.4664993286
29.2581539154,80.7330856323,64.3410186768,53.6175041199
30.9432182312,82.2381820679,64.0770111084,53.3974914551
30.3637752533,81.1735229492,63.7195739746,53.0996284485
29.2971839905,80.9750747681,63.6610298157,53.0508422852
31.5081939697,80.9393081665,63.2794570923,52.7328605652
33.7969169617,80.5572891235,63.062828064,52.5523376465
33.3589324951,81.060508728,62.3638839722,51.9698867798
33.3139839172,82.2431564331,62.055267334,51.7126998901
33.14270401,82.0792999268,62.6468009949,52.2056465149
34.6919517517,80.3857574463,61.7723770142,51.4769592285
35.2206230164,82.405166626,61.2462463379,51.0385169983
36.665763855,81.6161880493,59.2358818054,49.3632125854
36.2332077026,81.0779876709,59.542766571,49.6189498901
39.5238838196,80.0596466064,58.1040267944,48.4200019836
40.1090698242,80.8578491211,56.5976791382,47.1647148132
41.3899726868,79.7344207764,56.5184555054,47.0986976624
40.238899231,77.4232635498,57.2476997375,47.7063980103
40.1168937683,77.1941223145,57.8842163086,48.2368240356
41.5392875671,77.083946228,58.4996032715,48.7496414185
42.6611022949,77.2088775635,58.4096794128,48.6747093201
41.9824066162,78.8568572998,58.4792556763,48.7326889038
41.8241539001,79.752571106,58.7284927368,48.9403839111
42.9730224609,81.7300720215,57.4328422546,47.8606758118
43.5072593689,83.342414856,56.445728302,47.0380783081
43.5421943665,83.4583892822,57.3532791138,47.7943687439
43.6202011108,85.2696456909,56.020526886,46.6837425232
42.6545791626,84.4699783325,55.4467697144,46.2056121826
46.0064544678,83.7350921631,55.0432243347,45.8693313599
45.627532959,83.9685821533,54.1500244141,45.125
44.3374710083,81.6823577881,55.1927986145,45.993976593
43.9982681274,82.6026611328,55.3482284546,46.1235084534
44.3319740295,83.2568511963,55.3346138,46.1121635437
43.5082206726,83.120552063,54.9137039185,45.7614021301
45.6796264648,83.5804977417,54.5373420715,45.4477653503
45.7946128845,84.3996047974,53.9921798706,44.9934616089
46.749080658,86.1974105835,53.3185501099,44.4321060181
46.8197898865,85.8266372681,53.3090438843,44.4241867065
47.1217422485,87.3755950928,52.5991096497,43.832572937
47.8697814941,86.8982086182,51.4307060242,42.8589057922
48.083278656,86.7168502808,50.7773933411,42.3144760132
47.8267822266,86.7768325806,51.8324050903,43.1936531067
49.5724754333,87.2821044922,51.1934051514,42.6611557007
48.200340271,86.7562408447,50.5062332153,42.0885162354
48.7868728638,85.6388778687,50.2450637817,41.870880127
47.2578849792,86.3908004761,50.4757919312,42.0631561279
48.7672729492,84.8178939819,49.8465042114,41.5387496948
49.869934082,85.695022583,49.8945426941,41.5787849426
49.6169319153,83.5544586182,50.2756309509,41.89635849
50.5008659363,84.1985626221,49.7096061707,41.4246749878
49.7715148926,84.491973877,50.2001914978,41.8335037231
50.6570968628,83.3365707397,48.9318313599,40.7765388489
50.7109909058,82.623840332,50.0977401733,41.7481307983
49.7251358032,84.3526000977,49.5352249146,41.2793655396
52.0221672058,83.9039764404,48.9934654236,40.8278999329
51.2310066223,82.1103134155,49.2860946655,41.0717582703
51.6391906738,82.6712188721,48.7843704224,40.6536521912
50.4582138062,82.6455307007,49.328666687,41.1072311401
51.4151000977,82.3483734131,48.8118934631,40.6765861511
52.3396377563,80.6878051758,48.5538024902,40.4615058899
52.8487319946,80.2276611328,48.4033164978,40.336101532
52.7734184265,80.0865478516,48.653553009,40.5446281433
53.4006576538,81.4612121582,47.758430481,39.7986946106
53.8478775024,81.9981231689,47.4846611023,39.5705528259
54.1778945923,82.3403167725,47.6299552917,39.6916275024
53.7490959167,81.9509353638,46.8717155457,39.0597610474
53.9024848938,82.2369155884,47.4047889709,39.5039901733
53.8807754517,82.1655502319,47.3907661438,39.4923019409
53.9638977051,82.4266662598,47.4497756958,39.5414733887
55.05443573,82.2134399414,46.8357124329,39.029750824
54.2021369934,82.0372695923,46.9740943909,39.145072937
54.9784927368,81.2952957153,46.8019638062,39.0016288757
54.4696273804,81.0748748779,46.3885803223,38.6571426392
54.4083175659,80.5438995361,46.684211731,38.9034996033
53.638999939,81.0448760986,46.7078475952,38.9231948853
53.4251480103,79.8007583618,47.696308136,39.7469100952
54.1033096313,80.3826751709,47.9634590149,39.9695358276
54.7758407593,80.6871490479,47.1839408875,39.3199386597
54.7333297729,80.9457550049,46.7118911743,38.9265670776
53.3245544434,81.4652938843,45.976764679,38.3139572144
53.6750106812,80.8274230957,45.9276313782,38.2730140686
53.7095870972,80.5768203735,46.4536972046,38.7114028931
53.4000053406,79.6037139893,47.0568771362,39.2140579224
53.683795929,77.9667129517,45.9691772461,38.3076438904
53.8889694214,75.5077133179,46.0751152039,38.3959236145
52.1598701477,73.6953125,46.3030548096,38.5858726501
54.691608429,73.3990859985,45.8707809448,38.225643158
53.3303718567,72.6992263794,45.9920539856,38.3267059326
52.9865722656,72.6614532471,45.2724914551,37.7270698547
52.4858016968,72.4523468018,45.481590271,37.9013175964
53.9069290161,72.5137710571,45.6541061401,38.0450820923
52.5326538086,73.6431045532,45.4702453613,37.8918685913
52.1779289246,73.8966522217,45.6717033386,38.0597457886
52.1384811401,75.5593109131,45.9095535278,38.2579536438
51.1204147339,77.1574172974,46.158290863,38.4652366638
50.0250778198,77.8372497559,45.9548416138,38.2956962585
50.6771774292,79.1141662598,45.7503967285,38.125328064
50.5633049011,79.9178314209,45.3763122559,37.8135910034
50.0441551208,80.0227890015,45.010887146,37.5090713501
49.6767616272,79.8614196777,45.6772651672,38.0643844604
49.7579421997,79.8588409424,45.3454742432,37.7878913879
52.2351150513,79.1511001587,44.6830787659,37.2358970642
49.8989028931,77.4719619751,45.3774337769,37.8145217896
49.8768920898,76.7633209229,45.459236145,37.882686615
48.6836051941,75.2906494141,44.7970466614,37.3308639526
49.7621231079,74.699005127,44.2748031616,36.8956604004
49.6906814575,74.3214569092,44.8637313843,37.3864326477
49.0267562866,75.4833831787,43.8975257874,36.5812606812
48.5723686218,76.12550354,43.5766716003,36.3138847351
48.2870254517,75.8486938477,44.0531311035,36.7109336853
48.3907279968,77.1863632202,43.8827056885,36.5689086914
48.9981307983,76.9302978516,43.9323921204,36.6103134155
47.3796463013,77.9591445923,43.2643852234,36.0536384583
47.5849380493,76.9606628418,42.968914032,35.8074150085
45.7238082886,77.4837188721,43.5417098999,36.2847480774
46.1863441467,76.8952331543,43.3639602661,36.1366271973
46.1764030457,77.1674957275,42.9027824402,35.7523117065
45.1602363586,76.1312484741,43.5013885498,36.2511520386
44.3837966919,76.2103347778,43.5338554382,36.2782058716
45.5342330933,76.6018218994,42.9346237183,35.7788467407
44.7848320007,76.4708557129,41.8216323853,34.8513526917
44.2668914795,76.750541687,41.4688491821,34.5573692322
42.843624115,77.2070770264,41.9602165222,34.9668426514
43.5849838257,77.5054168701,41.5950088501,34.6625022888
43.5279312134,77.2352905273,41.6034927368,34.6695709229
43.2308311462,78.5625610352,41.1882553101,34.3235397339
43.1223640442,77.9497528076,41.0975227356,34.2479286194
42.5568962097,79.4698867798,41.1418113708,34.2848396301
40.9785575867,78.9074859619,41.2816390991,34.4013633728
40.9830245972,78.8580780029,41.2401809692,34.3668136597
41.0788040161,78.9043731689,41.2513618469,34.3761329651
39.9037284851,77.6371383667,40.814037323,34.0116958618
40.3280830383,77.43019104,40.4699516296,33.7249565125
39.6480331421,75.7323760986,41.4097900391,34.5081558228
38.5859565735,73.6019210815,41.3506889343,34.4589080811
39.1443595886,74.5315093994,40.7211914062,33.9343261719
36.9049987793,74.9555969238,40.7516784668,33.9597358704
36.1837005615,74.8195037842,40.7430000305,33.9524993896
35.9117546082,76.2931747437,40.7424087524,33.9520111084
36.3366165161,75.7453689575,41.1299285889,34.2749404907
35.0964431763,77.3006439209,40.2706985474,33.5589141846
35.075012207,77.4657974243,39.9720535278,33.310043335
34.6002883911,77.6904754639,40.7342338562,33.9451980591
34.1792755127,77.700378418,40.2408981323,33.5340805054
33.4144134521,77.6355743408,39.9300613403,33.2750511169
33.2401924133,77.0255432129,40.1869659424,33.4891395569
33.5726051331,77.4434127808,40.3282546997,33.6068763733
32.9175949097,77.287071228,40.5740013123,33.811668396
32.7139968872,76.0199432373,40.534198761,33.7784996033
31.4527225494,77.8990859985,40.5546951294,33.7955780029
32.5462989807,77.2571563721,40.5658187866,33.804851532
31.6237602234,77.2200546265,41.0645141602,34.2204322815
30.4060268402,77.4837799072,40.9489173889,34.1241035461
30.8641414642,77.8026504517,40.7633323669,33.9694519043
30.2691440582,78.3077850342,40.7416763306,33.9514083862
29.2219581604,78.2216796875,40.6632194519,33.8860244751
29.7312831879,77.653137207,40.3443603516,33.6203079224
30.5343322754,79.0229415894,39.8506164551,33.2088508606
29.6114253998,78.2146148682,40.5249824524,33.7708206177
28.4155006409,78.5055084229,40.6408500671,33.8673782349
26.6290187836,78.4900665283,41.3322639465,34.4435577393
26.0089988708,79.1558303833,41.4869613647,34.5724716187
26.0298366547,78.3907012939,40.8925056458,34.0770874023
24.3421573639,78.2433242798,40.2822647095,33.5685501099
25.053604126,79.2184143066,39.6279830933,33.0233154297
24.2975521088,79.6181259155,38.85105896,32.3758773804
24.4579162598,79.6557769775,39.6347160339,33.0289230347
25.1736412048,80.6953887939,38.8967895508,32.4139823914
24.6227397919,80.8122406006,37.9325180054,31.6104221344
23.968208313,81.1064987183,37.7805480957,31.4837837219
23.4471588135,82.7487258911,37.8154678345,31.51288414
24.3262901306,82.5016098022,37.8438606262,31.5365409851
22.551486969,81.7606964111,38.0140914917,31.6784000397
22.0618934631,82.5797348022,37.5314559937,31.2762031555
21.6866912842,83.6644744873,37.8720016479,31.5599918365
19.7497596741,83.8606872559,37.9595870972,31.6329803467
20.1563529968,82.5135345459,37.8312644958,31.5260429382
20.491771698,82.0071105957,37.8764724731,31.5637168884
18.5856628418,83.4451446533,38.474281311,32.0618934631
18.8916988373,84.882232666,38.3138961792,31.928237915
17.9611301422,83.1019515991,38.1337509155,31.7781124115
18.6318092346,83.6652374268,38.6165122986,32.1804122925
19.5737800598,84.4459915161,38.3572998047,31.9644050598
19.1680755615,82.5041656494,38.2029724121,31.8358001709
18.7203121185,83.1123428345,37.9597702026,31.6331291199
17.6413707733,82.1398696899,37.8382263184,31.5318412781
17.4889030457,79.6179656982,37.40209198,31.1683959961
18.3580818176,79.9711456299,36.6895942688,30.5746498108
18.2409172058,79.2658004761,36.4367599487,30.3639583588
17.0447502136,77.9033966064,36.5170288086,30.4308509827
17.6412754059,76.9206390381,36.4637985229,30.3864898682
17.5762367249,77.5174560547,36.1058158875,30.0881748199
17.7301082611,78.8754272461,36.8114089966,30.6761665344
16.3151817322,78.8051605225,36.3237533569,30.2697849274
16.9491119385,79.0243530273,35.9156036377,29.9296569824
15.5146427155,79.8901062012,35.4833068848,29.5694084167
16.3563957214,80.8612442017,35.549407959,29.6244907379
15.5910825729,81.1234359741,35.6699523926,29.7249450684
17.4313106537,79.7297515869,34.9916496277,29.1596946716
17.0147018433,80.4432449341,35.0756149292,29.2296657562
16.4602546692,80.0737686157,34.6657867432,28.8881416321
17.1552848816,79.8020019531,34.2804031372,28.566986084
16.9349956512,80.1636428833,34.3883743286,28.6569576263
17.2820739746,79.821434021,34.3765029907,28.647064209
17.2440299988,78.7502288818,35.0720558167,29.226688385
15.881770134,79.2123184204,35.5791740417,29.6492881775
16.3912010193,78.0979385376,35.9967651367,29.9972782135
15.3600597382,77.0447235107,36.7079772949,30.5899562836
15.9161224365,77.0788574219,36.9592018127,30.7993068695
16.6197795868,77.5859527588,36.4369506836,30.3640995026
16.3711528778,78.580116272,35.850769043,29.8756160736
14.7675733566,79.115020752,35.6191825867,29.6826286316
14.4950618744,80.5927276611,35.6371231079,29.6975765228
16.2705135345,81.3274078369,34.9339828491,29.1116275787
16.6465015411,82.7756576538,35.2051811218,29.3376274109
16.4068202972,82.8148574829,35.3034133911,29.4194850922
15.8623046875,81.9902801514,35.7119445801,29.7599277496
15.3505344391,82.1288223267,35.3670654297,29.4725246429
16.21367836,81.2522506714,35.1608352661,29.3006649017
16.2211036682,80.7754821777,35.0638542175,29.2198486328
16.4096031189,80.6929931641,34.7573738098,28.9644508362
17.1282176971,79.7920608521,35.0557518005,29.2131004333
16.7743148804,80.9094085693,34.6988182068,28.9156589508
17.3734302521,82.1658782959,34.4930953979,28.7442264557
18.0792732239,82.8531036377,34.4694633484,28.7245330811
17.56798172,83.0570907593,34.5800361633,28.8166751862
16.2307662964,83.5151596069,34.4953842163,28.7461338043
16.7927742004,82.9072418213,34.1253547668,28.4377784729
16.2269191742,81.8986358643,34.4348182678,28.6956634521
16.5786476135,82.86668396,34.2273292542,28.5227546692
17.0520820618,81.7341995239,34.1581497192,28.4651069641
16.3813018799,80.9471359253,34.2039108276,28.5032405853
17.1272773743,80.1832733154,34.0161056519,28.3467407227
18.1274490356,80.3256530762,34.1010742188,28.417547226
17.8702926636,80.03490448,33.187915802,27.6565818787
17.3001117706,82.5403671265,33.5958938599,27.9965610504
18.0286083221,82.9810180664,33.6944656372,28.0787086487
17.6784629822,83.4355773926,33.7029914856,28.085811615
17.2727470398,84.0005645752,33.2907829285,27.7423057556
18.5874519348,84.2445678711,32.786491394,27.322063446
17.6470069885,83.3518218994,32.3624534607,26.9687004089
18.0119457245,84.0183792114,32.3081741333,26.9234714508
20.2561397552,83.8246231079,32.1924781799,26.8270568848
19.4540672302,83.4294281006,32.0662460327,26.7218666077
19.8495597839,83.4695663452,32.7004852295,27.2503967285
20.677947998,83.7059555054,31.8937625885,26.578130722
19.7801876068,83.3430023193,32.117980957,26.7649784088
20.2271232605,83.8839035034,32.3065910339,26.9221553802
19.9976005554,83.4478607178,32.3885269165,26.9904327393
20.7394161224,83.239151001,31.99451828,26.6620883942
20.5667381287,83.4221954346,32.066368103,26.7219638824
21.2345333099,83.5227890015,31.815990448,26.5133152008
21.6583652496,83.0990753174,31.2451286316,26.0375976562
21.836145401,82.4184799194,31.4266548157,26.1888694763
22.3855934143,81.9619903564,31.7133541107,26.4277858734
22.1430664062,80.5513381958,32.2712974548,26.8927402496
22.0259590149,79.7862472534,32.2410316467,26.8675193787
21.7787895203,78.944442749,32.4142684937,27.0118808746
21.7454338074,78.8387908936,31.9802589417,26.6502037048
23.3247184753,79.9520645142,32.1921081543,26.8267459869
21.8674297333,78.9660797119,32.4379653931,27.031627655
23.0338973999,79.7750320435,32.2947311401,26.9122676849
22.7894325256,81.1656799316,32.208366394,26.8402957916
22.5654182434,81.6084671021,32.9102096558,27.4251651764
21.5906028748,81.8547286987,32.8016395569,27.334690094
22.1282215118,81.6549682617,32.8226089478,27.3521633148
23.4620342255,80.1982574463,32.7227668762,27.2689628601
22.6888179779,79.9327850342,32.7136764526,27.2613887787
23.2132358551,80.8207778931,32.7236404419,27.2696895599
23.6441307068,80.5532608032,32.0709609985,26.7257900238
24.1329441071,80.747756958,31.7862796783,26.4885520935
24.3004608154,81.2412109375,31.4380683899,26.1983757019
24.0858955383,82.2716522217,31.1576194763,25.9646701813
24.5934734344,83.5061950684,30.9865837097,25.8221435547
25.1124420166,82.3035736084,30.4969120026,25.4140834808
24.7926387787,83.1930770874,30.6038322449,25.5031852722
26.0527095795,83.109588623,30.5077018738,25.423078537
26.4077148438,82.634185791,30.2248344421,25.1873588562
26.2214241028,82.626739502,29.890329361,24.9086036682
26.7960205078,82.9904327393,30.0714683533,25.0595550537
26.7619991302,81.8359680176,30.4734382629,25.3945293427
26.4092159271,81.5720367432,30.6162319183,25.5135231018
26.2956848145,80.4301605225,30.6273841858,25.5228157043
24.7893714905,81.4826431274,30.7329044342,25.6107521057
26.5655708313,82.5983810425,30.5207672119,25.433971405
26.8921775818,82.121963501,30.8782043457,25.731836319
26.8310050964,81.2082977295,31.1597251892,25.9664363861
25.6246299744,81.9832611084,30.8398704529,25.6998901367
26.5596885681,81.5542144775,30.7954864502,25.662902832
26.5153236389,82.2203292847,30.9452266693,25.7876853943
26.3013057709,80.3408966064,30.7158699036,25.5965518951
26.901889801,81.1262969971,30.2212276459,25.1843490601
26.7489871979,80.7263183594,29.6672172546,24.7226753235
27.9806518555,81.5089645386,29.799779892,24.8331413269
27.6734924316,81.4523468018,29.2671451569,24.3892784119
27.5396175385,81.9688110352,29.4203529358,24.5169506073
28.6150665283,82.3723526001,29.0968933105,24.2474002838
27.9952392578,83.8889770508,29.2990055084,24.4158267975
28.0949459076,83.7029418945,28.5795192719,23.8162555695
27.5929679871,83.6806182861,28.7965202332,23.9970912933
28.037979126,83.0446166992,28.8974609375,24.0812072754
27.9809989929,84.4961700439,29.0070343018,24.1725177765
27.885055542,83.7179870605,28.7640533447,23.970035553
27.4794807434,84.1589355469,28.5783786774,23.8153057098
27.614358902,84.4330215454,28.2378120422,23.5314998627
27.8951206207,84.8723373413,28.3986930847,23.6655673981
28.2538204193,84.1668777466,28.8697814941,24.058139801
28.4672279358,83.0066680908,28.6801509857,23.9001178741
27.625164032,84.7407836914,28.1311302185,23.4426002502
28.1071739197,84.0924835205,28.1577301025,23.4647674561
28.2700748444,83.3301620483,27.9080162048,23.2566719055
28.0054512024,84.1659317017,27.5121002197,22.9267406464
29.1764831543,83.8125610352,26.5381526947,22.1151199341
29.3650970459,84.5322875977,26.4963645935,22.0802974701
29.4414215088,84.4186325073,27.20495224,22.6707878113
30.078207016,84.9343490601,27.1061153412,22.5884246826
30.1750297546,85.3745803833,26.792093277,22.3267402649
29.8535823822,85.4114532471,26.5277099609,22.1064224243
30.1001625061,85.1326141357,26.6447257996,22.2039337158
29.8758125305,85.6001815796,27.2169189453,22.6807613373
30.3759460449,87.3070373535,27.0644035339,22.5536651611
30.5668907166,86.3748321533,27.1654720306,22.6378879547
29.6779232025,85.8471450806,27.3815917969,22.8179855347
29.9051513672,85.1513671875,28.0610656738,23.3842144012
30.0250492096,86.0653533936,28.2521781921,23.5434761047
28.7228813171,86.0508041382,28.4990901947,23.7492370605
29.3299751282,85.840133667,28.528219223,23.7735137939
28.9944858551,85.7759017944,28.5623664856,23.8019714355
29.207118988,86.6408843994,28.1759376526,23.4799461365
28.3588867188,85.825340271,28.4758491516,23.7298717499
28.8192195892,85.8090133667,28.7431735992,23.9526424408
28.8537693024,85.6505203247,28.7930641174,23.9942169189
28.9139213562,85.5111465454,28.9215354919,24.1012763977
30.0502929688,86.1453399658,28.5664463043,23.8053684235
30.5661411285,85.4649047852,28.6188602448,23.8490486145
30.1520023346,85.2676239014,28.3377990723,23.6148281097
30.8898582458,85.1997299194,28.4988365173,23.7490272522
30.9056663513,84.6454315186,28.4612846375,23.7177333832
30.8720760345,83.3526229858,28.2889900208,23.5741500854
31.8488769531,83.0499649048,28.6703529358,23.8919525146
31.9723472595,82.8740539551,28.6945552826,23.9121208191
33.180015564,83.6318054199,27.8872680664,23.2393836975
32.6122970581,83.3495559692,28.4503898621,23.7086524963
32.8246841431,83.587852478,28.1171016693,23.4309139252
34.0835456848,83.8335647583,27.5544433594,22.9620323181
33.9789619446,84.2777862549,27.6543979645,23.0453262329
34.194480896,84.2761383057,27.418712616,22.8489246368
35.0563659668,84.0873565674,27.3474006653,22.7894954681
36.2535514832,83.7161636353,27.2272911072,22.6894035339
36.4425621033,83.3288574219,27.2929267883,22.7440986633
36.9745254517,83.1651535034,27.5709266663,22.9757652283
37.8855895996,82.835105896,27.7883605957,23.1569595337
38.8200149536,82.6889877319,27.4357185364,22.8630924225
39.1124649048,83.1319198608,27.480670929,22.9005527496
39.4987564087,83.4830551147,27.2542762756,22.711889267
40.8576507568,83.9109039307,26.7431182861,22.2859230042
40.9794540405,83.2177658081,26.7975578308,22.3312892914
41.569152832,83.6584243774,26.3992805481,21.9993896484
41.9185562134,82.7028961182,26.4042243958,22.0035076141
42.6942749023,82.6891784668,26.6072235107,22.1726741791
42.9116134644,83.1943817139,26.5511264801,22.1259269714
44.3683547974,82.0864028931,26.9557189941,22.4630889893
45.8668899536,82.1143264771,26.6765136719,22.2304191589
45.6094894409,82.8223724365,26.5575523376,22.1312866211
46.3290100098,82.8973388672,26.3882408142,21.9901924133
47.093044281,83.1585998535,26.4363307953,22.0302677155
47.7037887573,82.3223648071,26.1451721191,21.7876377106
48.9696884155,82.9505615234,25.9174461365,21.5978679657
50.451625824,82.4198455811,25.951675415,21.6263923645
50.9637985229,80.9059448242,26.2325191498,21.8604297638
52.4784164429,81.0076370239,26.4666900635,22.0555725098
52.9286308289,81.5837554932,26.8433647156,22.3694667816
53.656578064,81.9862518311,26.6876888275,22.2397384644
54.8889045715,84.0220489502,26.2993736267,21.9161453247
55.3844413757,85.5917739868,26.1533412933,21.7944526672
57.067401886,85.9613342285,26.3730716705,21.9775600433
56.8536682129,87.9032745361,26.3529052734,21.9607563019
58.0640029907,86.2214202881,26.6640052795,22.2200069427
59.3890266418,86.5609130859,26.4099845886,22.0083217621
60.9860610962,85.5790100098,26.1338653564,21.7782211304
61.2986946106,83.74659729,26.2055511475,21.8379573822
61.5919303894,84.3461151123,26.2952022552,21.9126663208
63.4451179504,84.1078186035,26.5230865479,22.1025695801
64.2895812988,84.6312332153,27.0802497864,22.5668735504
65.5855255127,85.723815918,26.9275913239,22.4396572113
65.312828064,86.6078948975,27.2032051086,22.6693344116
67.9391326904,86.6900253296,27.3037052155,22.7530841827
68.4679107666,86.5322723389,27.0314445496,22.5262012482
69.2398834229,86.6608123779,26.7335453033,22.2779521942
70.3970794678,86.5094146729,26.3800849915,21.9834022522
71.2762908936,84.9715957642,26.2864437103,21.9053688049
72.3606185913,84.1313934326,26.3594608307,21.9662151337
73.3376159668,82.9922637939,26.6129493713,22.1774559021
76.0383453369,82.9351043701,26.5813713074,22.1511421204
75.5347747803,82.8348617554,26.3915596008,21.9929637909
76.7271957397,82.3005828857,26.6488399506,22.2073631287
78.3610687256,82.6189422607,26.5434761047,22.1195583344
78.8365859985,82.0384140015,26.7469387054,22.2891082764
80.0660858154,83.2345428467,26.5477600098,22.1231269836
80.478553772,83.8227386475,26.8456268311,22.3713493347
82.6503143311,83.119102478,26.6298980713,22.191576004
83.4661407471,83.0015411377,26.689825058,22.2415122986
84.2704849243,83.6948547363,25.9433555603,21.6194553375
85.5178985596,83.9453811646,25.7492580414,21.4577083588
85.6761627197,84.4584350586,25.5125274658,21.260433197
86.770401001,84.1946334839,25.9983520508,21.6652870178
88.2536849976,84.6161956787,25.6154575348,21.3462104797
88.3907928467,83.9927520752,25.3662528992,21.1385402679
89.6874542236,84.6399307251,25.6732234955,21.3943500519
89.3549423218,84.0466461182,25.6894493103,21.4078712463
91.0524215698,83.7024383545,26.1664638519,21.8053855896
91.1003799438,83.9177017212,26.2131843567,21.8443202972
92.5304107666,84.0784759521,26.208480835,21.8404006958
93.52784729,83.7074661255,26.1340370178,21.7783622742
93.1170883179,83.3715209961,26.6871433258,22.2392845154
93.3814926147,83.2066650391,26.794839859,22.3290290833
94.9605941772,82.8574981689,26.7616329193,22.3013553619
94.4131164551,82.5503387451,26.5491943359,22.1243247986
95.9212036133,83.7794418335,26.1683006287,21.8069152832
96.3353729248,83.290687561,26.290725708,21.9089374542
96.7281646729,82.6132202148,26.5187072754,22.0989227295
96.6145553589,82.6302871704,26.2566776276,21.8805656433
98.1535186768,82.491104126,26.6826782227,22.2355670929
98.9545669556,83.0207366943,26.4745426178,22.062122345
99.5532989502,82.9393768311,26.084941864,21.7374534607
100.619125366,83.0348968506,26.0882568359,21.7402153015
100.350654602,82.6809692383,25.9985904694,21.6654930115
100.020019531,83.4644317627,26.0938510895,21.7448768616
101.318664551,83.6508407593,26.0368747711,21.6973972321
100.953994751,85.108253479,25.6402378082,21.3668651581
101.614746094,83.5017547607,25.6661586761,21.3884658813
101.304153442,84.0730438232,25.6942710876,21.4118919373
101.275474548,83.8274307251,25.7758750916,21.4798984528
102.763839722,83.9668579102,25.8692264557,21.5576915741
101.997848511,84.2681427002,26.548625946,22.1238594055
102.781570435,84.1409378052,26.5318965912,22.1099185944
102.526306152,85.0264587402,26.4783115387,22.0652656555
103.253929138,84.9713439941,26.1367549896,21.7806358337
103.546279907,85.9026184082,25.6887512207,21.4072990417
103.20426178,85.105758667,25.7717895508,21.4764957428
104.478225708,84.9575653076,25.7070198059,21.4225215912
103.709861755,84.1455230713,26.2927799225,21.9106559753
103.44354248,83.5240707397,26.2106227875,21.8421897888
103.188392639,83.8337249756,26.2760982513,21.8967514038
102.944992065,83.7802505493,25.9087734222,21.5906486511
103.133529663,83.5191574097,25.5803432465,21.3169593811
103.524719238,83.7670440674,25.6678123474,21.3898506165
103.912780762,83.0458831787,25.7647743225,21.4706535339
103.118423462,83.4538421631,25.5427761078,21.285654068
103.609558105,83.0436630249,25.1318264008,20.943195343
103.958152771,83.9028244019,24.9026947021,20.7522525787
103.53049469,84.284286499,24.4480113983,20.3733482361
103.62109375,84.1586990356,24.1886291504,20.1571960449
102.740646362,86.1108856201,24.7715873718,20.6429958344
103.48777771,85.1330718994,24.5514183044,20.4595222473
104.286766052,85.6203155518,24.6302661896,20.5252285004
103.747634888,86.3503952026,24.3679008484,20.3065910339
103.253250122,86.2226715088,24.5542106628,20.4618492126
103.857467651,87.204498291,23.8303470612,19.8586273193
103.410133362,86.1533660889,24.2130470276,20.1775417328
104.097976685,85.9835357666,23.9644241333,19.9703559875
103.171409607,86.3561401367,24.0676002502,20.0563354492
103.866111755,86.8905410767,23.9679145813,19.9732627869
104.023300171,86.8065261841,23.9685192108,19.9737663269
103.691207886,87.140007019,23.5451049805,19.6209201813
103.966720581,87.4114303589,23.5393371582,19.6161117554
103.784423828,87.8210601807,23.7741661072,19.8118038177
102.734634399,87.3020248413,23.7652778625,19.8043956757
103.109786987,87.7638092041,23.4859638214,19.5716342926
103.247512817,87.161819458,23.6918373108,19.7431945801
102.551086426,86.753112793,24.1558074951,20.1298370361
102.539001465,85.8940887451,24.3075809479,20.256313324
102.527664185,85.9245452881,24.1186923981,20.0989055634
101.944473267,85.7576828003,24.222820282,20.1856784821
101.605453491,84.5818786621,24.5496006012,20.4579963684
101.673782349,83.8708877563,24.5200557709,20.4333763123
101.110694885,83.2799377441,24.9014320374,20.7511901855
101.577087402,83.840423584,24.6067008972,20.5055809021
101.120689392,84.1406097412,24.4248771667,20.3540611267
101.257530212,85.6962051392,24.3467903137,20.2889881134
101.081062317,85.1920394897,24.5272884369,20.4394035339
101.102386475,86.0807495117,24.0065631866,20.0054664612
99.5302963257,85.9350585938,23.4168357849,19.5140266418
99.7758331299,86.3794021606,23.2733669281,19.3944702148
99.483253479,86.0278091431,23.2827949524,19.4023265839
99.2118301392,86.6268768311,23.2789421082,19.3991165161
99.2480010986,86.4978790283,23.1624736786,19.3020591736
98.6645355225,86.5292510986,23.3631591797,19.4692955017
99.2024307251,87.8298416138,23.6030635834,19.669216156
97.4387969971,88.0826873779,23.8316993713,19.859746933
98.5830917358,85.9502792358,23.8280906677,19.8567409515
98.6744308472,85.9431686401,23.6254291534,19.6878547668
98.8814239502,85.3959350586,23.4387073517,19.5322532654
99.2448883057,83.6431655884,23.5404453278,19.6170310974
99.0164642334,84.9367218018,23.300195694,19.4168224335
99.0327911377,83.7967910767,23.313129425,19.4275989532
99.357131958,83.7725067139,23.6185722351,19.6821346283
98.8399200439,83.4280548096,23.8418521881,19.8682003021
98.9293212891,83.7238616943,24.1575222015,20.1312599182
99.3645248413,83.3271484375,24.2733402252,20.2277736664
99.6490020752,83.6978149414,24.2437839508,20.2031421661
98.979385376,83.8558197021,24.3488826752,20.2907238007
100.248184204,82.6032485962,24.125793457,20.1048164368
100.314285278,82.4518814087,23.9453392029,19.9544391632
100.937026978,81.9585113525,23.8056850433,19.8380622864
100.795433044,81.5387115479,23.7504081726,19.7919979095
101.078643799,81.6992034912,23.5973758698,19.6644706726
101.755996704,83.0044784546,23.5107631683,19.592294693
101.979248047,82.8361358643,23.8239803314,19.853307724
102.426864624,83.0860443115,23.7819404602,19.818271637
103.183410645,82.7435455322,23.7300605774,19.7750377655
103.412414551,82.8096694946,23.7918510437,19.8265285492
103.266906738,82.9182891846,23.4431972504,19.5359840393
105.432006836,83.6009979248,23.038608551,19.1988277435
104.173751831,83.1952819824,23.2728214264,19.3940067291
103.98197937,82.7826461792,23.8017444611,19.8347759247
104.180587769,82.6405563354,23.8813171387,19.9010848999
104.513870239,81.9885101318,23.6145515442,19.6787815094
105.50189209,81.6715927124,23.9132194519,19.9276714325
105.26612854,82.131149292,24.4642448425,20.3868598938
105.495178223,80.2998428345,24.3196220398,20.2663421631
105.489181519,81.9587783813,24.6769962311,20.5641536713
105.176841736,81.5686264038,24.4519882202,20.3766460419
106.901878357,82.6846542358,24.0418052673,20.0348262787
106.457382202,83.5948867798,23.6016426086,19.6680259705
107.25213623,83.2982177734,23.4777908325,19.5648155212
107.897155762,83.8634185791,23.9302577972,19.9418716431
107.846412659,83.0325546265,23.4567127228,19.5472488403
108.203269958,82.4982147217,23.4742736816,19.561882019
108.321472168,82.3351821899,23.5733909607,19.6444797516
108.180213928,83.4463882446,23.7488975525,19.7907371521
107.900283813,82.9044418335,23.8905849457,19.9088096619
108.255638123,83.0368499756,24.2121505737,20.1767787933
108.811203003,82.4191513062,24.4355659485,20.3629570007
108.532821655,82.0854034424,24.3369789124,20.2807979584
108.250350952,82.1560516357,24.4398498535,20.3665218353
108.883712769,82.7617340088,24.8669528961,20.7224407196
108.631492615,82.5342559814,24.8032531738,20.6693592072
109.076637268,82.1155395508,24.3580245972,20.2983341217
109.467849731,82.553024292,24.1415805817,20.1179656982
109.631408691,81.734703064,23.7754459381,19.8128528595
109.734092712,81.8363800049,23.9283428192,19.9402675629
109.415405273,82.5629043579,23.4739570618,19.5616130829
109.351119995,81.7400970459,23.7458305359,19.7881736755
109.078048706,81.3295669556,24.2368354797,20.1973400116
108.713088989,81.4789505005,24.5052547455,20.4210243225
109.24723053,81.3841552734,25.0631141663,20.8859062195
108.37587738,81.8240509033,25.0075187683,20.8395786285
107.752761841,82.4623031616,25.1757717133,20.9797878265
107.680831909,82.0832824707,24.9997577667,20.833108902
107.433914185,82.2534942627,24.7893848419,20.6578006744
107.004577637,82.2871856689,24.5919647217,20.4932861328
107.345375061,81.4770584106,24.647354126,20.5394439697
107.510292053,81.7750244141,24.4968166351,20.4139957428
107.708778381,81.9893798828,24.4166107178,20.3471565247
108.660057068,82.5802154541,24.2589454651,20.2157707214
107.6822052,82.5369796753,24.6739807129,20.5616340637
107.613136292,82.8141937256,24.6939964294,20.5783119202
107.151695251,82.8195648193,25.114736557,20.9289283752
106.285934448,83.4443359375,25.0660209656,20.8883323669
107.140029907,84.0468521118,25.3644523621,21.1370277405
107.06893158,83.1484832764,25.501367569,21.2511253357
107.02620697,82.9441680908,25.3551063538,21.1292381287
106.805007935,83.5265426636,25.3628501892,21.1356925964
106.886573792,83.3054962158,25.6992855072,21.4160556793
106.476783752,83.5755844116,25.1310577393,20.9425315857
107.082923889,82.8170623779,24.5343513489,20.445274353
107.710678101,83.7947998047,24.3429641724,20.285785675
107.447471619,84.0461502075,24.0773582458,20.064447403
107.719200134,83.5800018311,24.0153522491,20.0127773285
106.772140503,84.158821106,24.0836162567,20.0696640015
107.362365723,84.1986236572,23.8408870697,19.8673915863
107.780555725,83.4864044189,23.944442749,19.9536895752
106.738265991,83.2712173462,24.03748703,20.0312252045
106.741104126,84.4169540405,24.0620975494,20.0517349243
106.739028931,82.9561004639,24.1705169678,20.1420841217
105.71207428,83.4926605225,24.3959560394,20.3299503326
105.545669556,83.1685028076,24.723197937,20.6026515961
106.053527832,83.2724761963,24.8220176697,20.6850013733
105.402084351,83.2173614502,25.0201759338,20.8501319885
105.357154846,83.1060943604,24.6284866333,20.5237236023
106.158248901,83.3940429688,25.013589859,20.8446426392
106.29826355,83.2134017944,24.5164394379,20.4303512573
106.080810547,83.1164932251,24.7722225189,20.6435050964
106.739120483,83.1474990845,24.6115093231,20.5095787048
106.23815918,83.382522583,24.3589668274,20.2991256714
105.760818481,84.0881347656,24.1354732513,20.1128807068
106.256370544,84.0329742432,24.1540355682,20.1283493042
106.108047485,83.3835906982,23.8179569244,19.8482818604
105.826675415,83.6444854736,23.8025608063,19.8354511261
106.171432495,84.5093765259,23.8340454102,19.8616886139
106.349525452,84.1870880127,23.9913215637,19.9927501678
105.394393921,84.9477539062,23.3576564789,19.4646949768
104.821144104,84.661605835,23.2110404968,19.3425159454
105.581214905,84.1517333984,23.6315555573,19.692943573
104.9453125,84.1449890137,23.4290981293,19.524230957
105.004798889,84.634223938,23.2425041199,19.3687362671
104.246788025,83.8430175781,23.3164558411,19.4303627014
105.440834045,84.3879852295,22.8525695801,19.0437927246
104.949645996,83.688583374,23.1208076477,19.2673244476
104.950668335,84.1234817505,23.0383796692,19.1986351013
104.47542572,83.4690170288,23.129032135,19.2741794586
105.491226196,83.6001968384,23.2571392059,19.3809356689
105.108932495,83.3251190186,23.3283882141,19.4403076172
103.307693481,83.0559844971,23.3761558533,19.4801139832
103.530441284,82.4325180054,23.4095954895,19.507976532
103.49282074,83.3834533691,23.6241493225,19.6867713928
102.762329102,83.1929168701,23.8780174255,19.8983268738
103.776321411,82.3991394043,23.5314941406,19.6095581055
103.580032349,83.149520874,23.3339271545,19.4449176788
103.831642151,83.3403167725,23.5233192444,19.6027431488
104.009536743,84.3059234619,23.1352024078,19.2793121338
103.211730957,84.8570022583,23.262512207,19.3854026794
103.60925293,86.402381897,23.0948963165,19.245721817
103.744041443,85.2041625977,23.5199699402,19.5999488831
102.432174683,83.8073577881,23.5587749481,19.6322860718
103.07736969,83.7784881592,23.3537845612,19.4614601135
103.553512573,82.388343811,22.9219245911,19.1015796661
102.836914062,82.7204208374,22.9206123352,19.1004867554
103.338790894,82.8772354126,22.4831314087,18.7359199524
102.863670349,82.7731628418,22.9243202209,19.1035728455
102.579483032,83.8938598633,22.8595714569,19.04961586
103.415077209,83.559967041,22.5330238342,18.7774925232
103.226539612,83.806968689,22.9234600067,19.1028556824
102.310424805,83.8532714844,23.1697845459,19.3081245422
103.201889038,83.6622772217,23.0965366364,19.2470817566
102.700706482,84.8090896606,23.0182609558,19.1818504333
102.015693665,83.7563247681,23.0674324036,19.222826004
102.328361511,83.3863754272,22.5424613953,18.7853507996
102.177513123,83.2126235962,22.9579086304,19.1315555573
102.37802124,82.7273254395,22.9642372131,19.1368312836
102.801315308,82.6593780518,22.8577957153,19.0481300354
103.024642944,81.495223999,23.0653877258,19.2211227417
102.241775513,81.5421676636,23.4412460327,19.5343379974
102.425842285,81.3269805908,23.8224716187,19.8520259857
102.175331116,82.0670623779,23.970205307,19.9751377106
102.459960938,81.7832183838,23.9078826904,19.9232006073
102.803100586,82.9206314087,23.7730960846,19.8108768463
102.09412384,83.9696807861,23.4917678833,19.5764369965
101.636642456,84.4611968994,23.4440879822,19.5367012024
102.946937561,86.1192626953,23.4543132782,19.5452232361
102.417373657,85.9139862061,23.6818847656,19.7348670959
102.271743774,85.6100692749,23.6165370941,19.6804103851
102.126937866,85.8224258423,23.9913043976,19.9927158356
102.655738831,86.2384490967,24.0288600922,20.0240135193
101.897201538,85.3671722412,24.1155586243,20.0962638855
101.87613678,85.3653793335,24.2387905121,20.1989574432
102.761428833,85.4087982178,24.2841396332,20.236749649
103.256797791,85.525680542,23.9758644104,19.9798526764
103.205345154,83.7313995361,24.2660121918,20.2216415405
103.178184509,83.2028274536,24.4125080109,20.3437213898
104.067062378,83.0571746826,24.1712379456,20.1426639557
103.382583618,82.7410125732,23.8670768738,19.8892002106
104.260757446,81.9913330078,24.3094825745,20.2578716278
103.700942993,82.5905075073,24.2376670837,20.1980247498
104.802406311,82.0719146729,24.0304965973,20.0253829956
105.685890198,80.7481231689,23.8395080566,19.8662261963
105.458023071,81.5657577515,23.7178993225,19.7648868561
106.464248657,80.6865310669,23.6763401031,19.7302532196
105.792098999,79.9979400635,23.3334159851,19.4444828033
106.84614563,80.1416244507,23.7336463928,19.7780075073
107.039390564,80.4313201904,23.5967845917,19.6639575958
108.054786682,80.7015151978,23.2192020416,19.3493041992
107.567565918,80.8611907959,23.4416694641,19.5346927643
108.633285522,81.3771286011,23.4298725128,19.5248603821
107.710975647,81.4553375244,23.453502655,19.5445518494
108.172531128,81.6893234253,23.4920749664,19.5766944885
108.138771057,81.3025360107,23.8495140076,19.8745613098
108.858230591,81.6990814209,23.8001670837,19.8334388733
109.180831909,81.0354003906,23.5087890625,19.5906257629
109.539756775,82.2387466431,23.294090271,19.4117107391
110.409133911,83.2045822144,23.5648937225,19.6373786926
110.380348206,83.5814590454,23.8031826019,19.8359527588
109.871322632,83.3951644897,23.9296989441,19.9413833618
110.343772888,82.924697876,23.8413143158,19.867729187
110.310523987,82.6276397705,24.2157344818,20.1797447205
110.757995605,82.3910598755,24.3155326843,20.2629108429
110.471961975,82.5190963745,24.2708950043,20.2257137299
110.431175232,82.4859848022,23.9398231506,19.9498195648
113.045631409,83.7809143066,23.5890197754,19.6574859619
111.582435608,84.1022949219,23.5933189392,19.66106987
113.170875549,83.8989334106,23.6423339844,19.7019138336
113.365356445,83.332244873,23.5644950867,19.6370487213
114.624038696,83.5395126343,23.6250972748,19.6875495911
115.679611206,83.5629119873,23.3984870911,19.498708725
116.138084412,82.5166702271,23.7670917511,19.8058776855
115.981994629,81.9968414307,23.7434139252,19.7861461639
115.650695801,81.5833892822,24.1754016876,20.1461353302
115.444541931,82.2066421509,24.2291259766,20.1909065247
115.134841919,81.5171890259,24.2581176758,20.2150669098
116.286865234,81.8353424072,24.2533740997,20.2111148834
115.818847656,82.0322265625,24.6423454285,20.5352573395
116.357620239,81.6228790283,24.6892528534,20.5743465424
116.865211487,82.0504150391,24.6332893372,20.5277099609
116.413085938,81.4183502197,25.1999149323,20.9998950958
115.820251465,80.8308563232,25.7410888672,21.4508705139
116.543395996,80.7358016968,26.5903778076,22.1586093903
115.861877441,80.3489761353,26.7812194824,22.3176441193
115.918785095,80.605758667,27.0190696716,22.5158538818
116.303138733,80.1445159912,27.2663993835,22.7219619751
116.488319397,79.6995773315,27.5001010895,22.9167137146
116.432983398,79.4745101929,27.8710632324,23.2258472443
115.521774292,79.5803070068,27.8859977722,23.2382926941
116.362792969,79.8869476318,27.8137626648,23.1780967712
115.682762146,79.6990203857,28.0758113861,23.3964710236
116.163475037,80.2709579468,28.2592811584,23.5493621826
118.008544922,79.8508300781,28.1899719238,23.4916057587
118.459190369,80.540145874,28.1202392578,23.4334945679
118.919151306,79.7289657593,28.2167243958,23.5138969421
119.337539673,80.1829071045,27.7220211029,23.101644516
120.796775818,79.7517547607,27.5184135437,22.931974411
119.940711975,80.7767944336,27.18907547,22.6575241089
120.962135315,80.1632461548,26.9638576508,22.4698410034
121.989028931,80.8903198242,27.1161403656,22.5967445374
123.698890686,80.1437530518,27.1957454681,22.6630802155
123.895851135,80.4554901123,26.7706356049,22.3088226318
124.463523865,80.0213012695,27.0861320496,22.5717391968
124.384750366,80.4266357422,26.7619571686,22.3015956879
125.211647034,80.8164215088,26.3442420959,21.9535007477
124.757125854,80.1090774536,26.357427597,21.9644889832
126.280052185,81.1829605103,26.4533443451,22.044418335
127.025650024,81.1307144165,26.2882938385,21.906873703
127.987159729,81.7963638306,26.2759132385,21.8965568542
129.371505737,81.501159668,25.9195766449,21.5996112823
130.115402222,80.9054641724,26.3747501373,21.9789218903
130.311584473,80.5248031616,25.9492301941,21.6243247986
131.665802002,80.176574707,25.8597812653,21.549785614
131.760742188,80.1449661255,25.956659317,21.6305179596
132.410079956,79.3572692871,26.0096683502,21.6746921539
133.307800293,79.0556411743,26.5368556976,22.1140155792
133.66746521,79.0841522217,26.5500545502,22.1250171661
134.918548584,79.7503814697,26.3194065094,21.9328098297
135.812866211,79.0896911621,26.3384037018,21.9486427307
136.285354614,79.6796722412,26.4113502502,22.0094299316
138.12550354,79.9180145264,26.2956428528,21.9130058289
138.898773193,80.4402923584,26.5437068939,22.119726181
139.576919556,80.7056655884,26.2601127625,21.883398056
141.16065979,80.8199615479,26.495513916,22.0795650482
142.496627808,80.9385070801,26.3764533997,21.980348587
143.785568237,80.6078720093,26.1958560944,21.8298511505
144.356689453,80.4713134766,26.2129001617,21.8440551758
145.426239014,80.2179870605,26.1151924133,21.76263237
146.656768799,80.5982437134,25.8450374603,21.5375022888
147.531982422,80.3194732666,25.8690948486,21.5575504303
147.976074219,80.4374771118,25.7991733551,21.4992809296
148.978210449,80.1740722656,25.5484771729,21.2903652191
150.04800415,80.1521148682,26.0008544922,21.6673469543
151.914108276,80.7997283936,25.7734012604,21.4778003693
152.565032959,80.224647522,25.3731384277,21.1442489624
153.263137817,80.2933578491,25.9403476715,21.6169223785
154.800476074,80.6323013306,26.0566959381,21.7138786316
154.877593994,80.2435379028,26.4368495941,22.0306720734
155.421585083,80.2917938232,26.8766670227,22.3971843719
156.714935303,81.0521621704,27.3338317871,22.7781543732
157.622543335,80.7195281982,27.0434627533,22.5361824036
158.431030273,82.5820007324,27.1074256897,22.5894832611
160.688873291,79.3171386719,26.9651298523,22.470905304
160.965286255,78.4916229248,27.2372169495,22.69764328
160.484466553,78.288772583,26.8836154938,22.4029750824
161.125091553,76.9243850708,27.2974967957,22.7478752136
161.613861084,77.737701416,27.0238399506,22.519826889
162.809280396,75.8633499146,26.9959220886,22.4965629578
163.122116089,76.6311187744,27.0470638275,22.5391807556
162.780059814,76.4314804077,27.461725235,22.8847312927
163.921218872,77.4065093994,27.5216064453,22.9346351624
164.34072876,78.1237030029,27.5780601501,22.9816818237
164.447555542,76.6691741943,27.959728241,23.2997379303
165.069046021,77.7070465088,28.1307125092,23.4422245026
165.911026001,77.2433853149,28.2513427734,23.5427513123
165.952301025,76.6277618408,28.1256408691,23.4379997253
165.581161499,78.4665374756,28.6799869537,23.8999557495
165.487426758,77.8993453979,29.1682128906,24.306810379
165.169998169,79.7303848267,29.8841056824,24.9033851624
164.902954102,78.5158081055,29.9475345612,24.9562416077
165.645828247,79.1737518311,30.3461723328,25.2884407043
167.481369019,79.394744873,30.4116573334,25.3430137634
167.225311279,79.7324066162,30.5911140442,25.4925613403
167.421737671,79.2487487793,30.9385108948,25.7820587158
166.862838745,79.9044265747,30.8155765533,25.6796150208
167.607727051,80.4116897583,30.1254634857,25.1045227051
167.588043213,80.5065765381,31.0203704834,25.8502750397
167.178985596,80.2514190674,30.9556369781,25.7963294983
168.25112915,79.8343353271,30.7697563171,25.6414279938
169.068313599,81.2303009033,30.2012081146,25.1676368713
170.187652588,80.9408416748,29.6533718109,24.711107254
170.743209839,81.9134750366,29.5212039948,24.6009693146
171.826934814,81.0193862915,29.5014743805,24.584526062
171.143264771,80.5628890991,29.9278202057,24.9398136139
170.856689453,79.3477020264,30.123336792,25.1027431488
170.801574707,79.2696533203,29.9088287354,24.9239864349
172.150970459,78.7346878052,29.9055137634,24.9212245941
171.739654541,80.0977630615,29.2516593933,24.3763465881
172.994766235,80.122215271,29.0720939636,24.2267112732
172.921661377,80.4054107666,28.774805069,23.9789733887
172.694046021,81.4935531616,28.7058620453,23.9215202332
173.372802734,80.5239715576,28.6752681732,23.8960266113
174.724212646,81.6409835815,28.3273963928,23.6061325073
174.978927612,81.1968536377,27.9674263,23.3061561584
174.242767334,81.6126861572,27.8441925049,23.2034606934
175.002670288,80.5573883057,27.4282989502,22.8568820953
175.310882568,82.0537796021,26.9415225983,22.4512367249
174.749755859,81.0909042358,26.9234867096,22.436208725
175.004852295,80.0527801514,27.1054592133,22.587852478
175.741088867,80.7627563477,27.0485782623,22.5404529572
174.952972412,81.1513214111,27.1452579498,22.6210212708
175.634307861,80.9681167603,26.9439544678,22.4532680511
175.357452393,80.7836837769,26.5170936584,22.0975475311
174.774871826,81.0861968994,26.9012813568,22.4177036285
174.945220947,81.3723907471,26.7019386292,22.2515830994
175.98387146,82.4921112061,26.3912391663,21.9926662445
175.810546875,81.8940429688,26.6687583923,22.2239341736
175.104812622,81.7363128662,27.0798950195,22.5665473938
175.413528442,82.1103820801,26.9935340881,22.4945793152
175.297348022,82.2936782837,26.8464660645,22.3720207214
174.298828125,82.6202850342,26.9032039642,22.419303894
174.567596436,82.6593399048,26.9251651764,22.4376068115
174.369247437,82.3190002441,26.9300785065,22.441701889
173.850708008,82.6003417969,26.4133968353,22.0111351013
174.528549194,82.0997772217,26.6511230469,22.2092399597
174.465423584,81.607421875,26.6093959808,22.1744651794
174.495864868,82.4340896606,26.8026580811,22.3355140686
174.887786865,81.6056213379,27.039226532,22.5326538086
173.376373291,82.1596832275,26.9209785461,22.4341144562
173.760650635,80.8205337524,26.5831184387,22.1525630951
172.553207397,81.1426239014,26.250957489,21.8757648468
173.757720947,80.6185455322,26.6189880371,22.1824550629
172.900436401,81.1197967529,26.4182319641,22.0151576996
172.393096924,80.9189834595,26.2915306091,21.9095745087
171.934539795,80.7033538818,25.9235019684,21.6028842926
171.583938599,80.9860229492,26.1835689545,21.819606781
170.698364258,80.8071746826,26.2507514954,21.8755912781
170.18888855,82.2415008545,26.2082309723,21.8401584625
169.657501221,81.9750595093,26.764125824,22.303401947
169.860839844,81.7315063477,26.0676517487,21.7230110168
169.618301392,81.2279434204,26.444644928,22.0371704102
170.118652344,80.9838409424,26.418554306,22.0154285431
169.516235352,79.996383667,26.5324516296,22.1103439331
168.247680664,79.8748550415,26.8187923431,22.3489627838
169.643829346,78.885383606,26.9078178406,22.4231529236
167.462799072,77.8849258423,27.7006492615,23.0838470459
167.358627319,78.7817840576,28.188873291,23.4907016754
167.22227478,79.4348449707,27.7594337463,23.1328334808
167.33807373,79.4761199951,27.6260948181,23.0217189789
167.159255981,78.9573440552,27.7635803223,23.1362915039
167.196136475,79.507270813,27.829624176,23.1913261414
166.900405884,79.4284820557,28.2019767761,23.501619339
167.344207764,79.4444046021,27.9045677185,23.253780365
167.280563354,79.6233673096,27.7475166321,23.1229038239
167.167694092,79.7102813721,27.9608974457,23.3007240295
166.584411621,79.9891662598,27.9452323914,23.2876701355
166.051116943,80.955947876,27.8797359467,23.2330932617
166.036499023,81.3968658447,28.3447628021,23.6206150055
166.330886841,82.3327560425,28.8584785461,24.0487098694
165.900299072,81.7959213257,28.8736515045,24.0613517761
166.445587158,81.2143936157,29.2074642181,24.3395290375
166.430130005,81.4574737549,29.4909553528,24.5757713318
166.405807495,82.377243042,29.3781776428,24.4817905426
167.158599854,81.5782394409,29.6093444824,24.6744327545
167.112991333,82.4340591431,29.5378761292,24.6148777008
167.860931396,80.2080001831,29.6011810303,24.6676311493
167.111053467,78.2813034058,29.7173213959,24.764415741
168.425491333,78.3828277588,29.4225158691,24.518743515
167.591369629,76.2764282227,29.5021972656,24.5851478577
166.798141479,76.0194015503,29.7576656342,24.7980365753
167.244110107,76.7119979858,29.8674430847,24.8895168304
167.093734741,76.112449646,29.2838039398,24.4031505585
167.236846924,76.5462646484,29.6325931549,24.6938056946
167.807006836,76.9562149048,29.6276798248,24.6897125244
166.866928101,76.7629013062,29.6998958588,24.7498931885
167.171798706,76.0458450317,30.5274162292,25.4394931793
166.25769043,75.8155899048,30.862909317,25.7190666199
167.361846924,75.2887420654,31.2328147888,26.0273227692
168.102859497,76.9818878174,30.6105651855,25.5087833405
167.762893677,77.5409240723,30.4037075043,25.3364048004
167.669143677,77.6683959961,30.4901847839,25.4084682465
167.836227417,79.0479278564,30.5161685944,25.4301204681
168.304779053,77.2880859375,30.6231136322,25.5192432404
168.309112549,78.8545837402,30.448764801,25.3739509583
168.215515137,79.6712112427,30.365240097,25.3043479919
168.950027466,78.0800170898,30.3883571625,25.3236122131
168.576431274,78.4131774902,29.8714599609,24.8928642273
169.275970459,77.775680542,30.1424808502,25.1187152863
168.762771606,78.9244689941,30.089422226,25.0744991302
168.611663818,78.6573104858,30.1092262268,25.0910015106
168.631225586,77.9630126953,29.8859405518,24.9049301147
169.67338562,78.4824981689,29.963891983,24.9698905945
169.963516235,77.7520294189,30.1785583496,25.1487770081
169.599319458,76.4160690308,29.9002132416,24.9168224335
170.387039185,75.5946426392,29.7145023346,24.7620639801
170.214675903,74.774230957,30.0090274811,25.0075016022
170.228302002,73.4773788452,30.1940956116,25.1617221832
169.750061035,75.804977417,30.245223999,25.2043266296
170.585983276,75.3599395752,29.6268463135,24.6890106201
169.462738037,75.3290100098,29.9929466248,24.9940948486
170.129241943,75.7056655884,29.8183994293,24.8486366272
170.210327148,76.6052474976,29.6897373199,24.7414188385
169.923492432,77.0210266113,29.630273819,24.691865921
169.507705688,76.0750732422,29.6889591217,24.7407684326
169.694641113,76.3603973389,29.9785041809,24.9820556641
169.543395996,76.7778167725,29.2632808685,24.3860359192
170.027832031,76.4273529053,29.2276420593,24.356338501
170.181686401,76.8223876953,28.8101654053,24.0084438324
169.637573242,75.6475982666,28.777349472,23.981098175
169.345809937,76.1929092407,29.1622161865,24.3018188477
169.792556763,75.0258178711,28.4671669006,23.7226104736
169.253082275,74.5699920654,28.7931118011,23.9942302704
168.691619873,74.1562652588,29.3082389832,24.4235038757
169.031204224,74.1497039795,28.9268741608,24.1057014465
168.209442139,73.4281387329,28.8639221191,24.0532398224
168.664047241,75.0077056885,28.7276363373,23.9396686554
167.710342407,73.722946167,29.4325504303,24.5270957947
168.093582153,74.2129745483,29.3465328217,24.4554176331
167.0496521,73.7005462646,29.8799324036,24.8999137878
167.25869751,73.7945404053,29.4769020081,24.5640525818
166.657775879,73.1728363037,29.4978218079,24.5814857483
166.160964966,74.0167312622,29.7124538422,24.7603473663
166.767333984,72.1948852539,29.6531620026,24.7109394073
165.784042358,71.9985122681,29.9377841949,24.9481239319
165.047195435,73.2579879761,30.2427978516,25.2023010254
164.519195557,71.8746795654,29.9981956482,24.9984664917
164.745864868,72.1490478516,29.9892978668,24.9910526276
165.019210815,71.1555175781,29.8719539642,24.8932666779
165.306594849,72.0139923096,29.8884162903,24.9069862366
163.56010437,71.2601776123,30.08070755,25.0672264099
164.237991333,71.1873016357,30.0869445801,25.0724239349
161.707244873,69.9649200439,30.6592350006,25.5493335724
162.720092773,70.1339645386,30.5466651917,25.4555244446
163.274917603,69.5171203613,30.8075447083,25.6729221344
162.413085938,70.2693939209,31.1839103699,25.9865608215
161.985427856,69.9869537354,31.2513999939,26.042804718
160.438186646,69.642616272,31.8268165588,26.5223178864
159.787322998,70.7948455811,31.1314640045,25.9428596497
160.568466187,70.4104156494,31.0463199615,25.8719062805
159.884429932,71.9276733398,31.0315284729,25.859582901
158.600616455,70.4743041992,31.7503452301,26.4585971832
158.628448486,71.2657699585,31.7872009277,26.4893093109
158.656219482,69.9800872803,31.5942993164,26.3285579681
159.734130859,70.552482605,31.0900974274,25.9083900452
159.325485229,70.4248809814,30.9599876404,25.7999668121
159.00680542,70.3639068604,30.4467411041,25.3722610474
159.216018677,72.7220001221,29.9073238373,24.9227485657
157.942749023,70.8664398193,30.3322505951,25.2768516541
158.097381592,71.4513168335,31.007226944,25.8393306732
158.195892334,72.7170639038,30.3527259827,25.2939128876
157.321655273,72.5466461182,30.5813808441,25.484457016
156.62902832,72.1644515991,31.0290775299,25.8575344086
156.799926758,71.3142852783,30.9398765564,25.783203125
156.291641235,71.9568405151,30.834936142,25.6957511902
155.308685303,70.2849578857,30.8938331604,25.7448310852
156.353256226,71.1164779663,30.6560153961,25.5466499329
156.154144287,70.5050964355,30.1972999573,25.1643867493
156.322341919,68.1026153564,30.7825775146,25.6521148682
156.713348389,68.5351791382,31.2414093018,26.0344734192
156.252410889,66.9407806396,30.7817268372,25.6514034271
155.705673218,65.2450408936,31.2655334473,26.0545711517
155.656295776,66.3231048584,31.16015625,25.9667568207
156.354400635,66.4919967651,30.7889499664,25.6574192047
154.75491333,66.9566497803,30.9623012543,25.8018760681
153.571075439,66.8674468994,31.6198635101,26.3498439789
153.957366943,67.4001846313,31.5424041748,26.2852935791
152.920181274,67.4903106689,32.0148696899,26.6790103912
153.635940552,66.5580062866,31.883026123,26.5691413879
152.135177612,66.9809570312,32.3698501587,26.9748287201
152.432647705,66.0859146118,32.5264663696,27.1053409576
152.356842041,66.0824203491,33.0008163452,27.5006313324
151.148925781,66.7498016357,32.9596977234,27.4663658142
152.495117188,66.1948394775,32.9925613403,27.4937496185
151.198760986,66.5117263794,33.6524734497,28.043674469
151.069213867,67.0851821899,33.7414894104,28.1178531647
151.722808838,68.6414871216,33.8037147522,28.169708252
151.926803589,67.7178344727,33.5848464966,27.9873161316
151.343383789,67.0446853638,33.6217346191,28.0180568695
151.403533936,67.2395324707,32.980796814,27.4839477539
150.576675415,68.4481277466,33.8413391113,28.2010650635
150.453765869,67.455368042,34.2243347168,28.5202274323
149.984237671,67.6208267212,34.6420402527,28.8683166504
149.690063477,68.4614105225,34.55443573,28.7953147888
150.120864868,69.0135421753,34.1359329224,28.4465637207
151.580993652,68.3167877197,33.8425178528,28.2020511627
149.863693237,68.4275665283,33.9976577759,28.3313331604
150.561920166,68.5537719727,34.1306800842,28.4421806335
149.066925049,67.7571716309,34.7829437256,28.9857292175
149.452377319,66.5891799927,35.3956222534,29.4962921143
148.863327026,65.5959320068,35.244392395,29.3702659607
149.92755127,66.3854522705,34.9230117798,29.1024475098
149.630523682,66.5291976929,34.8218955994,29.0181846619
149.080062866,66.2471160889,35.021686554,29.1846809387
150.413452148,65.4685745239,34.5017127991,28.751367569
151.062179565,66.3346481323,34.4618301392,28.7181301117
150.044754028,66.4113006592,34.9371795654,29.1142520905
150.09487915,66.0834655762,35.1172370911,29.2643013
150.036026001,66.7569046021,35.3694915771,29.4745121002
149.579910278,66.0470046997,35.6664848328,29.7220058441
148.839660645,65.3647613525,35.43724823,29.5309753418
148.716629028,64.6453399658,35.4444007874,29.5369358063
148.783737183,63.7765922546,35.1751480103,29.3125610352
148.852371216,63.3791694641,36.2622680664,30.2184944153
